-396
-412
-412
-396
-386
-420
-398
-398
-414
-420
-438
-428
-382
-422
-390
-396
-408
-396
-438
-414
-372
-406
-416
-408
-386
-404
-402
-414
-410
-420
-400
-386
-400
-382
-418
-414
-396
-376
-384
-398
-408
-372
-400
-390
-392
-388
-398
-380
-384
-402
-360
-386
-386
-420
-374
-404
-382
-412
-368
-370
-390
-384
-376
-372
-382
-370
-368
-398
-388
-364
-364
-380
-384
-380
-368
-388
-392
-396
-380
-370
-378
-376
-362
-358
-388
-372
-374
-378
-342
-366
-352
-380
-400
-382
-366
-348
-370
-362
-356
-348
-346
-344
-380
-388
-356
-358
-354
-352
-366
-376
-352
-380
-362
-366
-344
-388
-368
-338
-344
-384
-372
-342
-380
-378
-362
-352
-342
-362
-370
-362
-374
-344
-338
-372
-364
-368
-346
-366
-372
-330
-368
-336
-350
-342
-342
-338
-352
-360
-334
-356
-342
-356
-350
-314
-352
-350
-340
-342
-334
-322
-352
-330
-338
-350
-300
-324
-320
-358
-348
-348
-348
-320
-332
-350
-336
-340
-320
-360
-334
-312
-338
-322
-350
-348
-322
-344
-300
-324
-348
-344
-360
-328
-352
-300
-324
-314
-324
-312
-334
-320
-326
-316
-298
-326
-330
-356
-354
-334
-338
-312
-330
-320
-330
-334
-340
-306
-324
-344
-312
-296
-328
-318
-306
-300
-346
-306
-326
-296
-314
-284
-308
-320
-292
-324
-306
-328
-286
-322
-334
-334
-296
-338
-298
-294
-310
-328
-316
-286
-314
-318
-274
-280
-344
-272
-304
-308
-320
-342
-290
-306
-300
-292
-316
-292
-296
-316
-280
-278
-304
-316
-286
-280
-288
-288
-292
-278
-278
-282
-314
-284
-292
-266
-282
-298
-320
-262
-276
-278
-284
-284
-300
-282
-266
-314
-258
-286
-276
-304
-284
-298
-282
-322
-278
-246
-264
-284
-250
-286
-264
-310
-290
-250
-264
-250
-290
-280
-276
-258
-288
-282
-284
-270
-252
-276
-278
-296
-312
-262
-264
-282
-244
-292
-234
-248
-256
-264
-254
-274
-256
-262
-292
-252
-260
-256
-282
-274
-270
-258
-242
-238
-276
-240
-268
-248
-258
-268
-270
-254
-294
-276
-276
-276
-252
-270
-274
-258
-240
-274
-268
-258
-254
-228
-268
-208
-260
-218
-246
-276
-240
-262
-240
-258
-256
-234
-266
-228
-236
-270
-240
-228
-254
-212
-232
-232
-208
-244
-240
-264
-262
-224
-254
-226
-226
-254
-246
-272
-234
-246
-242
-236
-210
-250
-208
-232
-216
-206
-212
-238
-190
-246
-258
-260
-260
-210
-258
-240
-222
-220
-272
-208
-214
-216
-218
-232
-200
-182
-248
-194
-216
-252
-224
-238
-218
-242
-208
-270
-260
-222
-198
-232
-190
-206
-228
-210
-192
-212
-194
-244
-194
-204
-246
-248
-202
-200
-244
-222
-216
-238
-212
-218
-196
-218
-198
-174
-184
-234
-234
-214
-214
-202
-218
-218
-196
-220
-172
-198
-224
-244
-192
-152
-198
-202
-222
-150
-194
-158
-222
-196
-178
-194
-172
-152
-216
-188
-210
-162
-206
-206
-208
-232
-206
-190
-194
-192
-166
-206
-182
-190
-154
-184
-174
-162
-170
-192
-156
-160
-190
-184
-178
-222
-202
-160
-184
-186
-196
-178
-174
-186
-174
-208
-166
-186
-158
-204
-130
-194
-200
-174
-164
-172
-178
-198
-164
-204
-164
-162
-160
-152
-196
-196
-148
-174
-148
-156
-138
-152
-176
-156
-208
-158
-178
-126
-138
-186
-218
-142
-158
-174
-170
-164
-172
-166
-128
-154
-178
-166
-182
-198
-150
-168
-168
-178
-128
-138
-160
-146
-150
-168
-128
-168
-158
-142
-154
-138
-100
-120
-122
-142
-146
-152
-166
-178
-132
-174
-138
-152
-150
-108
-154
-130
-136
-126
-166
-134
-132
-98
-142
-142
-120
-106
-146
-132
-194
-142
-156
-140
-148
-152
-164
-126
-138
-136
-146
-140
-130
-128
-146
-118
-88
-108
-116
-130
-130
-138
-114
-126
-122
-124
-124
-112
-162
-122
-102
-110
-88
-146
-122
-100
-94
-158
-160
-86
-106
-114
-92
-132
-128
-102
-114
-130
-120
-106
-116
-102
-130
-82
-78
-104
-136
-128
-94
-118
-88
-84
-150
-114
-162
-116
-66
-106
-132
-100
-90
-110
-134
-92
-130
-130
-108
-96
-96
-114
-104
-46
-94
-114
-92
-88
-94
-114
-84
-84
-96
-114
-132
-112
-80
-84
-102
-98
-96
-96
-66
-102
-68
-112
-108
-32
-98
-112
-80
-98
-76
-116
-130
-72
-96
-72
-102
-50
-56
-96
-78
-86
-48
-86
-56
-86
-46
-46
-86
-116
-94
-38
-46
-76
-82
-78
-80
-82
-76
-64
-90
-74
-80
-82
-106
-84
-54
-84
-136
-66
-54
-50
-90
-38
-48
-36
-94
-42
-54
-80
-52
-60
-78
-100
-98
-60
-60
-64
-58
-88
-18
-88
-50
-86
-72
-78
-56
-52
-20
-34
-36
-32
-54
-102
-72
-94
-36
-48
-56
-50
-24
-56
-42
-100
-58
-32
-60
-52
-40
-24
-86
-32
-18
-62
-52
16
-38
-8
-16
-64
-92
-22
-20
-42
-20
8
-62
-26
-64
-20
-32
-20
-32
-50
-28
-66
-34
-50
4
-48
-12
-76
-54
-60
-66
-20
-44
-12
-38
-38
-48
-56
-36
-72
-38
-26
-86
-10
-46
-14
2
-34
-40
-32
-30
26
-24
-50
-50
-24
-10
52
-10
-6
14
-34
-32
20
-12
8
-38
-26
14
-24
-20
16
-28
38
8
-72
-6
6
-42
20
2
0
2
-30
-34
-24
28
-2
-20
-24
22
-18
2
-20
-2
-8
-8
-10
-24
-34
6
6
-2
-42
4
18
-12
-24
14
36
-28
-14
60
10
24
-10
24
34
52
30
36
-6
12
34
18
-2
40
-32
-14
24
30
6
-24
-8
8
24
2
16
38
62
22
4
-14
0
48
16
4
40
14
44
6
-14
2
46
44
-14
-6
46
24
34
16
62
56
-14
38
6
6
46
32
2
36
-10
28
20
44
60
26
2
40
62
38
-4
52
64
42
20
60
14
36
28
22
26
24
46
38
16
80
42
58
48
48
40
50
32
36
18
4
12
32
46
22
32
54
38
72
40
64
22
14
74
20
50
34
74
34
46
36
82
84
58
38
76
56
34
2
68
32
112
32
58
52
66
48
76
54
44
60
70
48
64
74
48
46
56
74
66
32
78
42
22
66
64
74
48
46
60
92
72
68
52
66
60
64
78
88
74
116
88
74
128
42
84
90
102
56
84
94
96
76
94
98
78
64
90
80
118
78
64
130
96
102
104
66
92
98
88
40
98
62
96
82
72
98
132
102
88
70
62
36
112
62
66
98
118
102
116
114
86
88
76
102
140
110
88
86
134
88
88
112
64
116
92
114
154
112
154
106
116
104
66
94
86
102
106
98
102
86
88
128
124
116
130
114
154
118
96
76
108
136
122
116
106
130
110
102
102
82
124
118
106
120
98
104
130
120
130
98
108
144
122
104
150
108
140
130
122
54
126
118
144
116
96
124
94
102
130
118
130
138
140
146
124
128
124
146
118
140
126
148
144
110
130
162
116
142
154
124
150
132
170
164
142
134
138
154
162
176
180
158
140
150
128
162
120
170
140
130
136
164
146
212
168
136
134
144
162
140
154
162
158
158
146
188
154
178
112
142
174
186
168
154
180
144
172
178
172
136
190
162
192
172
182
150
162
170
132
156
138
202
148
188
164
180
140
188
148
148
158
162
166
144
162
200
154
158
190
186
186
202
192
168
160
162
160
180
188
176
194
160
190
170
206
172
174
158
168
208
202
188
180
222
160
156
154
184
182
184
208
194
150
156
216
204
180
186
216
210
214
204
200
210
188
204
204
246
210
228
228
210
214
178
180
172
178
200
222
214
190
202
224
212
194
218
168
198
262
190
246
226
208
220
208
194
220
226
212
200
270
252
216
236
210
254
230
206
246
208
194
232
230
228
224
176
188
212
218
222
226
210
186
240
188
264
192
242
256
240
220
236
236
210
244
238
240
222
244
242
234
230
214
240
202
260
248
278
226
250
248
242
232
250
236
248
218
268
264
244
270
242
272
232
214
228
248
236
204
250
230
240
258
232
264
260
242
216
258
262
222
252
270
270
244
266
212
242
224
298
244
300
246
296
252
284
216
254
254
240
264
260
246
262
252
278
252
246
260
274
242
260
266
282
252
240
264
262
232
260
282
282
296
236
250
264
262
284
272
242
294
314
272
278
250
266
280
298
288
218
242
272
262
294
302
292
294
260
244
262
298
302
252
242
292
270
252
266
272
286
290
284
310
278
254
294
290
292
282
254
296
298
302
276
294
296
296
310
302
304
292
310
262
288
330
264
292
330
298
280
298
284
300
284
298
320
308
336
298
274
300
294
298
308
292
314
324
250
306
312
322
312
300
294
286
268
318
316
314
312
302
308
326
276
304
304
366
316
330
300
294
302
318
324
302
298
306
342
326
304
342
332
320
310
322
322
332
332
306
330
330
308
302
332
320
318
344
314
348
336
358
332
318
326
336
330
360
320
340
340
330
282
348
354
314
324
336
358
328
344
362
352
332
334
362
344
364
356
344
326
330
324
332
360
352
332
354
320
358
352
334
320
350
336
330
374
344
354
332
342
366
340
340
352
364
344
364
356
374
340
358
338
366
360
328
358
356
336
368
358
330
378
350
338
332
318
360
356
360
364
378
380
368
362
378
366
356
350
358
378
368
356
356
394
380
370
382
396
380
354
358
330
364
384
370
406
398
406
354
374
366
366
374
384
368
360
366
392
394
384
390
378
378
372
394
378
410
408
366
370
394
380
398
410
380
382
382
370
422
412
390
388
378
398
374
400
386
370
398
402
388
372
384
392
392
402
386
388
426
408
382
404
410
406
394
412
396
424
396
428
400
406
388
400
402
402
408
384
404
426
422
404
414
408
392
428
428
406
402
410
420
396
418
408
430
436
438
422
402
394
426
424
416
426
402
434
440
418
406
414
416
414
416
444
424
434
436
410
450
432
430
442
420
418
414
418
442
412
422
404
430
426
438
436
418
444
444
450
436
440
458
438
440
442
444
436
452
420
438
438
460
450
446
444
446
432
432
444
434
448
434
428
432
464
450
452
454
454
436
444
446
450
458
446
446
454
458
456
434
428
466
446
446
470
464
460
458
450
450
440
454
452
464
454
470
456
462
470
444
446
450
462
460
466
446
446
458
464
474
460
460
468
482
462
466
476
468
458
454
